180 1.561654
49 1.512469
25 1.465182
143 1.443641
179 1.435191
19 1.418484
272 1.410668
97 1.409640
225 1.406819
82 1.390284
120 1.390252
175 1.388695
59 1.369435
118 1.328902
154 1.328505
108 1.327942
148 1.327661
150 1.326963
31 1.325737
251 1.323070
54 1.321191
136 1.316565
56 1.314234
71 1.307523
38 1.307284
182 1.304576
209 1.294582
260 1.290062
24 1.283245
17 1.270268
116 1.265518
188 1.251552
292 1.245228
22 1.209722
214 1.209488
264 1.207203
81 1.204414
64 1.204001
162 1.155111
114 1.150593
106 1.146123
28 1.146011
131 1.125204
198 1.112341
105 1.107030
145 1.103683
123 1.092494
53 1.089103
101 1.086480
37 0.980781
126 0.979269
171 0.970137
165 0.913804
15 0.864231
84 0.824673
30 0.819105
164 0.807053
250 0.788155
192 0.744061
206 0.740871
3 0.721328
140 0.701352
73 0.700849
35 0.700301
127 0.699926
249 0.697709
142 0.696604
21 0.696474
96 0.696344
83 0.695177
51 0.695012
85 0.693265
16 0.692690
129 0.691844
166 0.674980
78 0.667778
65 0.667611
75 0.666680
210 0.656532
239 0.654898
99 0.653382
139 0.644792
186 0.643381
221 0.633582
262 0.632774
70 0.632115
61 0.632026
185 0.631416
218 0.631201
223 0.630067
122 0.629502
255 0.629384
138 0.629072
39 0.628796
153 0.626716
113 0.602978
170 0.575567
40 0.573741
263 0.573400
95 0.481779
104 0.475792
72 0.475008
57 0.472231
76 0.470139
159 0.430302
228 0.425170
91 0.423271
107 0.415591
14 0.403317
242 0.393964
52 0.387333
33 0.358580
79 0.352311
110 0.352057
461 0.332796
41 0.330319
457 0.325367
196 0.323623
299 0.318980
26 0.314141
446 0.309395
455 0.307306
465 0.306847
241 0.304371
467 0.303687
67 0.285436
4 0.284478
267 0.283477
1 0.281313
74 0.277900
158 0.277846
293 0.258692
268 0.254308
12 0.253333
156 0.245872
80 0.236021
128 0.234400
147 0.230095
7 0.223702
11 0.220547
6 0.215758
10 0.215457
115 0.191781
183 0.191448
90 0.189994
178 0.189778
117 0.188905
181 0.187391
174 0.153988
86 0.153772
184 0.153455
102 0.147929
119 0.147093
100 0.137116
235 0.136649
63 0.115909
144 0.113971
62 0.113758
68 0.112946
58 0.112862
2 0.000000
5 0.000000
8 0.000000
9 0.000000
13 0.000000
18 0.000000
20 0.000000
23 0.000000
27 0.000000
29 0.000000
32 0.000000
34 0.000000
36 0.000000
42 0.000000
43 0.000000
44 0.000000
45 0.000000
46 0.000000
47 0.000000
48 0.000000
50 0.000000
55 0.000000
60 0.000000
66 0.000000
69 0.000000
77 0.000000
87 0.000000
88 0.000000
89 0.000000
92 0.000000
93 0.000000
94 0.000000
98 0.000000
103 0.000000
109 0.000000
111 0.000000
112 0.000000
121 0.000000
124 0.000000
125 0.000000
130 0.000000
132 0.000000
133 0.000000
134 0.000000
135 0.000000
137 0.000000
141 0.000000
146 0.000000
149 0.000000
151 0.000000
152 0.000000
155 0.000000
157 0.000000
160 0.000000
161 0.000000
163 0.000000
167 0.000000
168 0.000000
169 0.000000
172 0.000000
173 0.000000
176 0.000000
177 0.000000
187 0.000000
189 0.000000
190 0.000000
191 0.000000
193 0.000000
194 0.000000
195 0.000000
197 0.000000
199 0.000000
200 0.000000
201 0.000000
202 0.000000
203 0.000000
204 0.000000
205 0.000000
207 0.000000
208 0.000000
211 0.000000
212 0.000000
213 0.000000
215 0.000000
216 0.000000
217 0.000000
219 0.000000
220 0.000000
222 0.000000
224 0.000000
226 0.000000
227 0.000000
229 0.000000
230 0.000000
231 0.000000
232 0.000000
233 0.000000
234 0.000000
236 0.000000
237 0.000000
238 0.000000
240 0.000000
243 0.000000
244 0.000000
245 0.000000
246 0.000000
247 0.000000
248 0.000000
252 0.000000
253 0.000000
254 0.000000
256 0.000000
257 0.000000
258 0.000000
259 0.000000
261 0.000000
265 0.000000
266 0.000000
269 0.000000
270 0.000000
271 0.000000
273 0.000000
274 0.000000
275 0.000000
276 0.000000
277 0.000000
278 0.000000
279 0.000000
280 0.000000
281 0.000000
282 0.000000
283 0.000000
284 0.000000
285 0.000000
286 0.000000
287 0.000000
288 0.000000
289 0.000000
290 0.000000
291 0.000000
294 0.000000
295 0.000000
296 0.000000
297 0.000000
298 0.000000
300 0.000000
301 0.000000
302 0.000000
303 0.000000
304 0.000000
305 0.000000
306 0.000000
307 0.000000
308 0.000000
309 0.000000
310 0.000000
311 0.000000
312 0.000000
313 0.000000
314 0.000000
315 0.000000
316 0.000000
317 0.000000
318 0.000000
319 0.000000
320 0.000000
321 0.000000
322 0.000000
323 0.000000
324 0.000000
325 0.000000
326 0.000000
327 0.000000
328 0.000000
329 0.000000
330 0.000000
331 0.000000
332 0.000000
333 0.000000
334 0.000000
335 0.000000
336 0.000000
337 0.000000
338 0.000000
339 0.000000
340 0.000000
341 0.000000
342 0.000000
343 0.000000
344 0.000000
345 0.000000
346 0.000000
347 0.000000
348 0.000000
349 0.000000
350 0.000000
351 0.000000
352 0.000000
353 0.000000
354 0.000000
355 0.000000
356 0.000000
357 0.000000
358 0.000000
359 0.000000
360 0.000000
361 0.000000
362 0.000000
363 0.000000
364 0.000000
365 0.000000
366 0.000000
367 0.000000
368 0.000000
369 0.000000
370 0.000000
371 0.000000
372 0.000000
373 0.000000
374 0.000000
375 0.000000
376 0.000000
377 0.000000
378 0.000000
379 0.000000
380 0.000000
381 0.000000
382 0.000000
383 0.000000
384 0.000000
385 0.000000
386 0.000000
387 0.000000
388 0.000000
389 0.000000
390 0.000000
391 0.000000
392 0.000000
393 0.000000
394 0.000000
395 0.000000
396 0.000000
397 0.000000
398 0.000000
399 0.000000
400 0.000000
401 0.000000
402 0.000000
403 0.000000
404 0.000000
405 0.000000
406 0.000000
407 0.000000
408 0.000000
409 0.000000
410 0.000000
411 0.000000
412 0.000000
413 0.000000
414 0.000000
415 0.000000
416 0.000000
417 0.000000
418 0.000000
419 0.000000
420 0.000000
421 0.000000
422 0.000000
423 0.000000
424 0.000000
425 0.000000
426 0.000000
427 0.000000
428 0.000000
429 0.000000
430 0.000000
431 0.000000
432 0.000000
433 0.000000
434 0.000000
435 0.000000
436 0.000000
437 0.000000
438 0.000000
439 0.000000
440 0.000000
441 0.000000
442 0.000000
443 0.000000
444 0.000000
445 0.000000
447 0.000000
448 0.000000
449 0.000000
450 0.000000
451 0.000000
452 0.000000
453 0.000000
454 0.000000
456 0.000000
458 0.000000
459 0.000000
460 0.000000
462 0.000000
463 0.000000
464 0.000000
466 0.000000
468 0.000000
469 0.000000
470 0.000000
471 0.000000
472 0.000000
473 0.000000
474 0.000000
475 0.000000
476 0.000000
477 0.000000
478 0.000000
479 0.000000
480 0.000000
481 0.000000
482 0.000000
483 0.000000
484 0.000000
485 0.000000
486 0.000000
487 0.000000
488 0.000000
489 0.000000
490 0.000000
491 0.000000
492 0.000000
493 0.000000
494 0.000000
495 0.000000
496 0.000000
497 0.000000
498 0.000000
499 0.000000
500 0.000000
501 0.000000
502 0.000000
503 0.000000
504 0.000000
505 0.000000
506 0.000000
507 0.000000
508 0.000000
509 0.000000
510 0.000000
511 0.000000
512 0.000000
513 0.000000
514 0.000000
515 0.000000
516 0.000000
517 0.000000
518 0.000000
519 0.000000
520 0.000000
