27 1.884661
80 1.878224
116 1.868197
6 1.843107
33 1.766678
106 1.733380
185 1.731163
53 1.660454
38 1.659246
23 1.652503
114 1.649647
427 1.647862
180 1.643211
95 1.642490
61 1.641674
151 1.641349
92 1.636886
82 1.636352
223 1.634822
227 1.633072
119 1.632470
352 1.632043
251 1.627929
7 1.625473
170 1.625445
164 1.623691
22 1.623582
101 1.623405
115 1.622390
129 1.616786
21 1.615785
148 1.614880
221 1.613220
145 1.610666
142 1.609779
124 1.608747
91 1.606339
362 1.604130
84 1.603033
131 1.602063
104 1.601735
273 1.599634
147 1.599160
136 1.591056
120 1.577442
263 1.576491
243 1.576400
113 1.576353
175 1.571065
62 1.565091
58 1.559675
63 1.549716
72 1.548876
64 1.543952
56 1.543120
174 1.542274
19 1.539908
79 1.528026
60 1.517919
235 1.515380
98 1.511378
264 1.505608
105 1.500932
94 1.495910
96 1.495710
135 1.485777
41 1.485123
287 1.485053
54 1.482503
86 1.481999
238 1.481513
259 1.480272
214 1.475119
249 1.474789
143 1.473511
166 1.472140
73 1.464770
159 1.461398
77 1.438206
219 1.433579
1 1.432685
138 1.431532
162 1.426207
198 1.425857
118 1.425328
76 1.422980
194 1.422248
192 1.422125
102 1.419292
4 1.419044
74 1.416946
5 1.407784
34 1.402419
139 1.402354
109 1.398139
57 1.391483
51 1.383678
3 1.373469
2 1.356990
144 1.335264
68 1.330980
49 1.293894
168 1.292127
130 1.289623
47 1.286346
12 1.286066
30 1.282917
31 1.281637
52 1.276829
225 1.263839
35 1.258379
69 1.241361
128 1.224718
32 1.202955
292 1.194495
28 1.183181
126 1.140057
83 1.125320
48 1.112650
37 1.111827
9 1.080259
181 1.064315
10 1.051680
40 1.041782
14 1.039666
15 1.039643
258 1.034216
39 1.029443
59 0.992526
36 0.955816
137 0.955762
502 0.955126
29 0.954646
272 0.954610
97 0.954323
167 0.953955
506 0.953709
206 0.953632
261 0.953350
11 0.953094
172 0.952614
250 0.952556
26 0.952287
122 0.951991
179 0.951906
108 0.951879
110 0.951592
381 0.951484
154 0.951260
155 0.951166
184 0.951161
123 0.950655
183 0.950592
18 0.950529
70 0.950435
267 0.950417
90 0.950161
55 0.950013
121 0.949915
16 0.949731
117 0.949354
177 0.949265
25 0.949211
85 0.949211
75 0.949148
107 0.949108
507 0.949072
218 0.949031
332 0.948861
338 0.948825
178 0.948700
78 0.948408
24 0.948354
171 0.948256
153 0.948117
65 0.947982
127 0.947942
8 0.947910
190 0.947758
486 0.947426
99 0.947404
414 0.947206
152 0.946816
260 0.946794
150 0.946789
255 0.946673
252 0.946655
173 0.946637
100 0.946439
485 0.946390
269 0.946359
111 0.946336
163 0.946296
508 0.946049
125 0.945870
188 0.945803
46 0.945466
140 0.945422
204 0.945130
210 0.944578
309 0.944408
244 0.944368
487 0.943726
13 0.943543
186 0.943323
209 0.943287
182 0.942590
71 0.942498
165 0.941247
280 0.937955
17 0.935919
239 0.934722
81 0.922202
169 0.916771
50 0.914085
270 0.908641
230 0.906336
305 0.879825
160 0.874430
233 0.863274
262 0.579756
191 0.558260
67 0.386158
89 0.379550
278 0.235451
87 0.229559
20 0.000000
42 0.000000
43 0.000000
44 0.000000
45 0.000000
66 0.000000
88 0.000000
93 0.000000
103 0.000000
112 0.000000
132 0.000000
133 0.000000
134 0.000000
141 0.000000
146 0.000000
149 0.000000
156 0.000000
157 0.000000
158 0.000000
161 0.000000
176 0.000000
187 0.000000
189 0.000000
193 0.000000
195 0.000000
196 0.000000
197 0.000000
199 0.000000
200 0.000000
201 0.000000
202 0.000000
203 0.000000
205 0.000000
207 0.000000
208 0.000000
211 0.000000
212 0.000000
213 0.000000
215 0.000000
216 0.000000
217 0.000000
220 0.000000
222 0.000000
224 0.000000
226 0.000000
228 0.000000
229 0.000000
231 0.000000
232 0.000000
234 0.000000
236 0.000000
237 0.000000
240 0.000000
241 0.000000
242 0.000000
245 0.000000
246 0.000000
247 0.000000
248 0.000000
253 0.000000
254 0.000000
256 0.000000
257 0.000000
265 0.000000
266 0.000000
268 0.000000
271 0.000000
274 0.000000
275 0.000000
276 0.000000
277 0.000000
279 0.000000
281 0.000000
282 0.000000
283 0.000000
284 0.000000
285 0.000000
286 0.000000
288 0.000000
289 0.000000
290 0.000000
291 0.000000
293 0.000000
294 0.000000
295 0.000000
296 0.000000
297 0.000000
298 0.000000
299 0.000000
300 0.000000
301 0.000000
302 0.000000
303 0.000000
304 0.000000
306 0.000000
307 0.000000
308 0.000000
310 0.000000
311 0.000000
312 0.000000
313 0.000000
314 0.000000
315 0.000000
316 0.000000
317 0.000000
318 0.000000
319 0.000000
320 0.000000
321 0.000000
322 0.000000
323 0.000000
324 0.000000
325 0.000000
326 0.000000
327 0.000000
328 0.000000
329 0.000000
330 0.000000
331 0.000000
333 0.000000
334 0.000000
335 0.000000
336 0.000000
337 0.000000
339 0.000000
340 0.000000
341 0.000000
342 0.000000
343 0.000000
344 0.000000
345 0.000000
346 0.000000
347 0.000000
348 0.000000
349 0.000000
350 0.000000
351 0.000000
353 0.000000
354 0.000000
355 0.000000
356 0.000000
357 0.000000
358 0.000000
359 0.000000
360 0.000000
361 0.000000
363 0.000000
364 0.000000
365 0.000000
366 0.000000
367 0.000000
368 0.000000
369 0.000000
370 0.000000
371 0.000000
372 0.000000
373 0.000000
374 0.000000
375 0.000000
376 0.000000
377 0.000000
378 0.000000
379 0.000000
380 0.000000
382 0.000000
383 0.000000
384 0.000000
385 0.000000
386 0.000000
387 0.000000
388 0.000000
389 0.000000
390 0.000000
391 0.000000
392 0.000000
393 0.000000
394 0.000000
395 0.000000
396 0.000000
397 0.000000
398 0.000000
399 0.000000
400 0.000000
401 0.000000
402 0.000000
403 0.000000
404 0.000000
405 0.000000
406 0.000000
407 0.000000
408 0.000000
409 0.000000
410 0.000000
411 0.000000
412 0.000000
413 0.000000
415 0.000000
416 0.000000
417 0.000000
418 0.000000
419 0.000000
420 0.000000
421 0.000000
422 0.000000
423 0.000000
424 0.000000
425 0.000000
426 0.000000
428 0.000000
429 0.000000
430 0.000000
431 0.000000
432 0.000000
433 0.000000
434 0.000000
435 0.000000
436 0.000000
437 0.000000
438 0.000000
439 0.000000
440 0.000000
441 0.000000
442 0.000000
443 0.000000
444 0.000000
445 0.000000
446 0.000000
447 0.000000
448 0.000000
449 0.000000
450 0.000000
451 0.000000
452 0.000000
453 0.000000
454 0.000000
455 0.000000
456 0.000000
457 0.000000
458 0.000000
459 0.000000
460 0.000000
461 0.000000
462 0.000000
463 0.000000
464 0.000000
465 0.000000
466 0.000000
467 0.000000
468 0.000000
469 0.000000
470 0.000000
471 0.000000
472 0.000000
473 0.000000
474 0.000000
475 0.000000
476 0.000000
477 0.000000
478 0.000000
479 0.000000
480 0.000000
481 0.000000
482 0.000000
483 0.000000
484 0.000000
488 0.000000
489 0.000000
490 0.000000
491 0.000000
492 0.000000
493 0.000000
494 0.000000
495 0.000000
496 0.000000
497 0.000000
498 0.000000
499 0.000000
500 0.000000
501 0.000000
503 0.000000
504 0.000000
505 0.000000
509 0.000000
510 0.000000
511 0.000000
512 0.000000
513 0.000000
514 0.000000
515 0.000000
516 0.000000
517 0.000000
518 0.000000
519 0.000000
520 0.000000
