102 2.296665
84 2.243031
123 2.205238
16 2.204298
138 2.201441
8 2.166042
86 2.149405
57 2.129072
258 2.104842
114 2.100367
164 2.084999
51 2.083522
117 2.068478
37 2.065929
35 2.059462
218 2.054818
225 2.013623
3 1.997586
127 1.995845
154 1.986516
61 1.985468
4 1.973000
116 1.937004
118 1.897828
33 1.872320
60 1.868642
52 1.858499
21 1.857026
185 1.856008
140 1.848329
204 1.830168
6 1.825566
27 1.810129
105 1.800840
106 1.795781
125 1.791915
83 1.731985
96 1.729016
90 1.711997
39 1.711092
145 1.701851
98 1.694881
101 1.690335
68 1.681072
150 1.632231
170 1.626611
9 1.617408
179 1.616477
89 1.610797
186 1.608575
74 1.607805
85 1.605588
238 1.595370
99 1.595161
65 1.593299
15 1.589996
82 1.589653
130 1.589273
129 1.588625
249 1.587297
160 1.586152
251 1.576979
75 1.573540
221 1.570444
25 1.570103
272 1.568750
72 1.548850
5 1.542132
78 1.535637
198 1.532859
97 1.529446
192 1.527485
259 1.526987
338 1.526874
148 1.526515
53 1.525272
2 1.524712
223 1.524309
58 1.523478
56 1.522426
166 1.521959
92 1.521853
214 1.518851
107 1.517569
263 1.517123
34 1.511990
209 1.504922
71 1.499364
76 1.486686
139 1.485625
41 1.481088
22 1.477115
153 1.475766
143 1.468959
142 1.467208
175 1.466678
26 1.464561
152 1.463443
108 1.461513
95 1.453282
264 1.434846
80 1.430220
79 1.374187
188 1.373273
177 1.369559
104 1.368099
260 1.361149
54 1.358204
110 1.355092
28 1.353156
255 1.350714
381 1.281051
67 1.271682
36 1.261737
40 1.261584
124 1.217320
109 1.216089
17 1.215556
131 1.204827
126 1.204786
128 1.162088
113 1.151403
69 1.080314
182 0.999715
31 0.999710
73 0.999706
1 0.999696
137 0.999696
144 0.999696
243 0.999696
502 0.999696
508 0.999696
171 0.999692
273 0.999692
305 0.999692
174 0.999687
180 0.999682
252 0.999682
206 0.999617
362 0.999612
32 0.999607
77 0.999607
486 0.999607
13 0.999603
18 0.999603
91 0.999603
163 0.999603
227 0.999603
11 0.999598
50 0.999598
261 0.999598
267 0.999598
30 0.999593
94 0.999593
119 0.999593
181 0.999593
332 0.999593
427 0.999593
14 0.999589
46 0.999589
120 0.999589
183 0.999589
487 0.999589
7 0.999584
64 0.999584
250 0.999584
485 0.999584
162 0.999519
168 0.999514
194 0.999514
287 0.999514
178 0.999505
210 0.999505
233 0.999505
292 0.999505
309 0.999505
38 0.999500
155 0.999500
235 0.999500
244 0.999500
507 0.999500
12 0.999495
23 0.999495
115 0.999495
121 0.999495
147 0.999495
172 0.999495
173 0.999495
29 0.999491
49 0.999491
136 0.999491
165 0.999491
122 0.999486
190 0.999486
414 0.999486
184 0.999481
10 0.999477
352 0.999416
219 0.999402
19 0.999397
55 0.999397
63 0.999393
151 0.999393
24 0.999388
111 0.999388
100 0.999379
167 0.999313
59 0.999304
280 0.999304
48 0.999294
135 0.999215
47 0.999206
159 0.999206
270 0.999206
269 0.619919
262 0.612690
234 0.600880
93 0.600272
388 0.595815
256 0.588941
133 0.575744
367 0.575646
279 0.570106
254 0.567194
229 0.546707
158 0.537694
103 0.537434
88 0.536482
191 0.533841
242 0.533454
266 0.533235
207 0.530485
62 0.528984
193 0.507832
149 0.458114
216 0.443548
176 0.426971
228 0.387034
66 0.353455
134 0.278402
81 0.275859
349 0.118926
308 0.118270
312 0.118041
329 0.117914
342 0.117872
314 0.117823
286 0.117769
315 0.117747
369 0.117634
344 0.117625
320 0.117547
341 0.117524
313 0.117505
284 0.117476
283 0.117437
307 0.117421
311 0.117367
301 0.117365
317 0.117342
331 0.117337
316 0.117323
290 0.117298
285 0.117235
319 0.117079
295 0.117059
303 0.116997
300 0.116941
297 0.116793
302 0.116788
310 0.116679
326 0.116665
334 0.116359
333 0.116293
291 0.116274
296 0.115401
20 0.000000
42 0.000000
43 0.000000
44 0.000000
45 0.000000
70 0.000000
87 0.000000
112 0.000000
132 0.000000
141 0.000000
146 0.000000
156 0.000000
157 0.000000
161 0.000000
169 0.000000
187 0.000000
189 0.000000
195 0.000000
196 0.000000
197 0.000000
199 0.000000
200 0.000000
201 0.000000
202 0.000000
203 0.000000
205 0.000000
208 0.000000
211 0.000000
212 0.000000
213 0.000000
215 0.000000
217 0.000000
220 0.000000
222 0.000000
224 0.000000
226 0.000000
230 0.000000
231 0.000000
232 0.000000
236 0.000000
237 0.000000
239 0.000000
240 0.000000
241 0.000000
245 0.000000
246 0.000000
247 0.000000
248 0.000000
253 0.000000
257 0.000000
265 0.000000
268 0.000000
271 0.000000
274 0.000000
275 0.000000
276 0.000000
277 0.000000
278 0.000000
281 0.000000
282 0.000000
288 0.000000
289 0.000000
293 0.000000
294 0.000000
298 0.000000
299 0.000000
304 0.000000
306 0.000000
318 0.000000
321 0.000000
322 0.000000
323 0.000000
324 0.000000
325 0.000000
327 0.000000
328 0.000000
330 0.000000
335 0.000000
336 0.000000
337 0.000000
339 0.000000
340 0.000000
343 0.000000
345 0.000000
346 0.000000
347 0.000000
348 0.000000
350 0.000000
351 0.000000
353 0.000000
354 0.000000
355 0.000000
356 0.000000
357 0.000000
358 0.000000
359 0.000000
360 0.000000
361 0.000000
363 0.000000
364 0.000000
365 0.000000
366 0.000000
368 0.000000
370 0.000000
371 0.000000
372 0.000000
373 0.000000
374 0.000000
375 0.000000
376 0.000000
377 0.000000
378 0.000000
379 0.000000
380 0.000000
382 0.000000
383 0.000000
384 0.000000
385 0.000000
386 0.000000
387 0.000000
389 0.000000
390 0.000000
391 0.000000
392 0.000000
393 0.000000
394 0.000000
395 0.000000
396 0.000000
397 0.000000
398 0.000000
399 0.000000
400 0.000000
401 0.000000
402 0.000000
403 0.000000
404 0.000000
405 0.000000
406 0.000000
407 0.000000
408 0.000000
409 0.000000
410 0.000000
411 0.000000
412 0.000000
413 0.000000
415 0.000000
416 0.000000
417 0.000000
418 0.000000
419 0.000000
420 0.000000
421 0.000000
422 0.000000
423 0.000000
424 0.000000
425 0.000000
426 0.000000
428 0.000000
429 0.000000
430 0.000000
431 0.000000
432 0.000000
433 0.000000
434 0.000000
435 0.000000
436 0.000000
437 0.000000
438 0.000000
439 0.000000
440 0.000000
441 0.000000
442 0.000000
443 0.000000
444 0.000000
445 0.000000
446 0.000000
447 0.000000
448 0.000000
449 0.000000
450 0.000000
451 0.000000
452 0.000000
453 0.000000
454 0.000000
455 0.000000
456 0.000000
457 0.000000
458 0.000000
459 0.000000
460 0.000000
461 0.000000
462 0.000000
463 0.000000
464 0.000000
465 0.000000
466 0.000000
467 0.000000
468 0.000000
469 0.000000
470 0.000000
471 0.000000
472 0.000000
473 0.000000
474 0.000000
475 0.000000
476 0.000000
477 0.000000
478 0.000000
479 0.000000
480 0.000000
481 0.000000
482 0.000000
483 0.000000
484 0.000000
488 0.000000
489 0.000000
490 0.000000
491 0.000000
492 0.000000
493 0.000000
494 0.000000
495 0.000000
496 0.000000
497 0.000000
498 0.000000
499 0.000000
500 0.000000
501 0.000000
503 0.000000
504 0.000000
505 0.000000
506 0.000000
509 0.000000
510 0.000000
511 0.000000
512 0.000000
513 0.000000
514 0.000000
515 0.000000
516 0.000000
517 0.000000
518 0.000000
519 0.000000
520 0.000000
