22 250 0.105663
106 21 0.044500
21 262 0.059170
262 22 0.087363
262 21 0.047204
250 22 0.081881
262 8 0.021752
106 22 0.080277
250 203 0.056864
142 21 0.062272
250 171 0.059398
262 171 0.062830
250 21 0.044848
262 203 0.060178
142 22 0.107522
22 106 0.081202
21 106 0.049290
21 142 0.094990
15 21 0.048094
22 142 0.147406
48 21 0.144275
15 22 0.086490
48 22 0.429972
21 15 0.051730
21 48 0.242648
22 15 0.086456
22 48 0.465659
218 142 0.162227
250 142 0.138451
39 142 0.176562
114 142 0.177278
50 21 0.080124
63 15 0.118796
41 15 0.111603
57 15 0.118933
39 15 0.103980
114 15 0.104299
249 15 0.126504
218 15 0.097556
50 22 0.159374
50 106 0.125009
106 50 0.169572
21 143 0.022608
482 21 0.045429
22 8 0.025846
21 412 0.023412
412 22 0.051092
142 262 0.114593
22 254 0.044837
142 250 0.109394
234 21 0.030306
237 22 0.053996
262 15 0.089710
482 22 0.103879
254 22 0.057541
15 39 0.101699
15 249 0.113693
15 63 0.104214
8 21 0.020985
22 133 0.085139
15 114 0.102055
15 41 0.096997
84 21 0.045098
130 21 0.046818
15 57 0.104361
133 22 0.103303
160 22 0.097910
22 160 0.081058
22 476 0.097159
21 61 0.039722
203 22 0.099390
22 412 0.039557
22 482 0.092794
171 22 0.072124
22 237 0.041277
250 15 0.084277
15 218 0.094701
22 171 0.087303
69 21 0.032527
94 21 0.039931
22 203 0.082489
476 22 0.078289
21 482 0.038666
8 22 0.039222
21 8 0.017558
22 50 0.223021
142 218 0.115921
95 21 0.048473
27 21 0.027580
116 21 0.046953
31 21 0.033400
26 21 0.033265
7 21 0.029495
135 21 0.042168
21 185 0.039361
21 133 0.036438
21 118 0.038429
21 160 0.035355
21 203 0.036247
203 21 0.045627
21 234 0.025370
21 84 0.037108
21 86 0.038429
21 237 0.023914
138 21 0.047202
52 21 0.024574
78 21 0.030045
476 21 0.046003
254 21 0.029907
412 21 0.027007
21 50 0.157984
21 94 0.045952
21 95 0.041418
21 80 0.025766
21 31 0.027308
21 26 0.027731
118 21 0.046625
152 21 0.046672
21 138 0.039006
21 7 0.024726
14 21 0.028906
21 171 0.037778
185 21 0.047513
21 152 0.038473
21 476 0.040374
21 135 0.044314
160 21 0.042379
171 21 0.045505
21 78 0.025162
21 52 0.020824
21 130 0.042665
143 21 0.026827
133 21 0.043549
237 21 0.028353
80 21 0.030803
61 21 0.047789
21 254 0.025138
21 69 0.027142
21 14 0.024258
21 116 0.038747
21 27 0.023205
86 21 0.046625
142 57 0.129679
142 63 0.129461
142 41 0.118972
142 249 0.144067
142 39 0.126005
142 114 0.126527
15 262 0.092389
15 250 0.090717
50 15 0.134315
15 50 0.182899
218 106 0.091279
106 218 0.089167
106 48 0.224368
48 106 0.263042
262 106 0.084101
106 262 0.086368
106 250 0.085481
250 106 0.079094
50 142 0.208736
142 50 0.209583
50 48 1.000000
48 50 0.764498
106 249 0.105967
249 106 0.117781
106 39 0.095427
39 106 0.097154
106 15 0.079296
15 106 0.077322
106 57 0.097787
57 106 0.110862
63 106 0.110737
106 63 0.097657
250 218 0.093143
218 250 0.104030
249 262 0.144360
262 249 0.118398
106 114 0.095743
114 106 0.097445
41 106 0.104167
106 41 0.091235
262 218 0.099555
218 262 0.104459
218 114 0.118394
114 218 0.118711
218 63 0.121084
63 218 0.137500
142 106 0.085978
106 142 0.131616
41 218 0.127409
218 41 0.112596
250 249 0.110277
249 250 0.141453
262 63 0.109146
63 262 0.131027
218 249 0.132164
249 218 0.150935
39 250 0.112041
250 39 0.099560
262 114 0.106956
218 39 0.117978
114 262 0.113291
39 262 0.112859
262 39 0.106601
39 218 0.118275
250 63 0.101875
63 250 0.129643
41 262 0.121085
218 57 0.121256
57 218 0.137706
262 41 0.101935
114 250 0.112448
262 57 0.109292
57 262 0.131232
250 114 0.099883
57 250 0.129830
250 57 0.102007
250 41 0.095313
41 250 0.120357
80 254 0.022331
15 142 0.138597
142 15 0.092156
8 185 0.023039
142 48 0.372156
48 142 0.668422
135 482 0.070427
41 249 0.155519
26 94 0.043685
249 41 0.155680
61 138 0.058077
133 130 0.057916
249 39 0.164837
39 249 0.143689
84 7 0.031434
94 95 0.098074
133 254 0.031909
39 114 0.128030
114 39 0.128050
234 31 0.023424
27 61 0.030730
95 118 0.060749
57 249 0.170091
249 57 0.170570
203 95 0.060538
114 249 0.144287
249 114 0.165555
69 160 0.033217
135 254 0.033145
237 476 0.033002
133 69 0.034402
39 41 0.121463
41 39 0.137670
7 61 0.032984
61 412 0.032250
84 26 0.035778
133 482 0.052200
203 26 0.039108
52 160 0.024880
69 476 0.038374
237 118 0.030486
116 14 0.032314
86 78 0.033374
133 138 0.051949
80 412 0.020741
203 78 0.034883
7 138 0.032343
138 61 0.057808
57 114 0.149986
114 57 0.131769
185 31 0.037838
95 27 0.033858
69 8 0.016697
412 27 0.017982
160 138 0.049975
86 476 0.058758
118 95 0.059500
61 27 0.031660
482 84 0.053614
14 84 0.030051
185 95 0.061216
152 31 0.036721
412 482 0.029961
8 152 0.022491
171 237 0.034931
135 14 0.031555
171 14 0.035366
63 41 0.141477
41 63 0.141529
237 80 0.020774
8 234 0.015057
482 69 0.037388
254 26 0.023478
476 143 0.032500
95 152 0.060813
57 63 0.153828
63 39 0.149151
254 84 0.031143
39 63 0.131059
63 57 0.153826
130 476 0.067879
185 116 0.056914
160 7 0.029985
26 234 0.023969
135 69 0.036566
8 254 0.015135
7 160 0.029972
8 143 0.013565
7 14 0.020415
52 135 0.030804
130 95 0.069556
152 254 0.033755
254 95 0.035128
8 130 0.025274
8 52 0.012605
31 203 0.036205
31 160 0.034164
135 152 0.068318
26 8 0.017006
203 143 0.030772
152 94 0.067277
31 80 0.024415
69 78 0.023263
95 7 0.036550
31 52 0.019875
133 185 0.052502
237 171 0.031789
118 143 0.029519
26 95 0.039631
80 8 0.015943
234 116 0.033059
130 482 0.064443
237 160 0.028745
118 133 0.052046
476 80 0.037990
80 78 0.022049
476 27 0.033523
130 27 0.034116
8 78 0.014945
203 482 0.057439
27 86 0.029670
31 95 0.039823
476 31 0.040743
80 476 0.036127
41 57 0.141746
203 118 0.056662
69 84 0.034110
171 482 0.061526
57 41 0.141694
412 135 0.033741
133 234 0.031905
63 249 0.169789
86 31 0.036668
412 171 0.030221
78 138 0.032988
249 63 0.170267
203 152 0.056728
185 26 0.038526
84 69 0.034920
94 185 0.078252
203 116 0.057130
152 203 0.052760
203 61 0.058498
78 171 0.033827
95 412 0.034486
185 8 0.022888
116 185 0.056696
160 8 0.020794
171 116 0.061562
14 476 0.033736
133 86 0.051054
78 94 0.039039
412 78 0.019349
118 52 0.026868
31 135 0.042786
8 133 0.021863
152 27 0.030453
152 61 0.056751
31 78 0.023862
15 48 0.260919
48 15 0.295540
52 26 0.019214
26 80 0.024329
412 86 0.028959
143 116 0.029085
116 135 0.065226
138 95 0.060580
31 152 0.036515
118 86 0.054529
61 14 0.033349
133 80 0.032461
86 185 0.056067
237 26 0.022231
118 31 0.036668
116 171 0.055920
61 171 0.057512
185 143 0.030357
94 237 0.030134
476 78 0.036926
237 185 0.031266
27 171 0.030953
185 133 0.053779
61 185 0.058651
237 482 0.031530
135 203 0.064505
52 69 0.018835
26 237 0.022917
7 237 0.020396
94 69 0.035920
86 7 0.032710
482 135 0.065129
143 185 0.029573
185 61 0.058513
94 234 0.032641
203 234 0.035221
254 78 0.021445
171 78 0.036951
476 52 0.029486
86 237 0.031814
476 94 0.077464
143 234 0.019349
152 95 0.059583
185 69 0.037569
14 234 0.020858
69 7 0.022878
133 143 0.028062
133 118 0.051054
95 86 0.060749
95 26 0.041980
61 476 0.061100
237 95 0.033114
61 482 0.058260
14 95 0.033870
94 138 0.075757
135 84 0.062459
61 118 0.057130
133 26 0.035239
31 7 0.023462
254 31 0.023138
171 234 0.037317
95 14 0.035717
69 185 0.036348
26 69 0.025584
7 185 0.032658
26 27 0.021996
27 203 0.029672
95 94 0.075681
118 61 0.056665
27 482 0.030686
160 14 0.029362
185 7 0.033691
203 84 0.054643
14 412 0.019485
94 118 0.072052
26 52 0.019817
476 118 0.060215
52 95 0.028648
7 26 0.023128
86 234 0.033690
116 254 0.034040
94 80 0.033349
185 130 0.063214
476 185 0.061521
254 476 0.034977
14 61 0.032283
94 26 0.037082
78 26 0.023564
160 27 0.027966
118 69 0.036412
482 78 0.034231
27 7 0.019433
80 138 0.033889
143 86 0.028835
61 80 0.035798
118 476 0.058758
61 7 0.034105
482 237 0.032514
171 476 0.064132
31 86 0.036470
69 95 0.038617
27 135 0.034616
95 78 0.037331
234 171 0.034137
7 135 0.037174
171 160 0.055976
482 133 0.053043
237 152 0.030523
27 52 0.016617
41 114 0.138192
254 138 0.032812
80 14 0.021304
171 27 0.033546
118 412 0.030979
114 41 0.121917
237 86 0.030486
52 185 0.027062
234 52 0.018192
26 116 0.036634
94 152 0.072320
476 412 0.034114
69 116 0.035725
80 69 0.023679
26 152 0.036349
78 118 0.032467
7 116 0.032114
14 69 0.022209
26 171 0.037729
160 476 0.053063
476 203 0.057135
84 95 0.056953
160 135 0.058124
61 152 0.057203
138 135 0.065776
234 203 0.032685
135 160 0.056868
95 8 0.024405
31 482 0.037631
61 94 0.070612
412 237 0.018711
152 476 0.058840
152 80 0.034343
78 152 0.032507
135 8 0.021701
26 7 0.023382
185 80 0.035351
14 94 0.037474
84 160 0.048010
138 14 0.032577
143 138 0.029290
203 27 0.031725
118 27 0.030414
135 7 0.032327
234 86 0.032770
31 171 0.037901
94 133 0.062074
7 84 0.030696
412 133 0.028187
138 86 0.055670
116 133 0.052625
80 152 0.033392
412 84 0.027940
39 57 0.131255
135 61 0.074822
185 160 0.051924
143 476 0.031207
26 135 0.042572
57 39 0.149389
69 234 0.023447
94 476 0.087628
86 52 0.026868
14 31 0.022331
63 114 0.149747
86 130 0.061629
14 185 0.031965
27 26 0.021606
27 160 0.027966
135 52 0.026272
69 26 0.025536
203 69 0.038132
160 234 0.030845
185 476 0.060469
476 116 0.060677
114 63 0.131572
234 412 0.020414
118 237 0.031814
61 52 0.027900
118 78 0.033374
234 26 0.023771
86 143 0.029519
94 86 0.072052
8 69 0.016023
94 52 0.025334
138 52 0.027312
203 14 0.033416
143 203 0.028853
78 86 0.032467
78 80 0.021993
203 133 0.054049
160 116 0.049584
78 8 0.015598
26 254 0.024075
130 31 0.041601
160 31 0.033445
133 95 0.055827
171 86 0.061044
234 143 0.019636
31 118 0.036470
130 69 0.041280
27 185 0.030430
27 78 0.019748
160 86 0.049108
84 185 0.053520
152 116 0.055140
234 138 0.033296
94 135 0.136094
185 412 0.031875
52 61 0.027328
482 476 0.059104
69 482 0.036554
84 14 0.030765
237 138 0.030967
185 27 0.031291
412 116 0.029208
482 234 0.034560
14 133 0.030285
27 95 0.032226
7 95 0.034616
234 80 0.022183
86 94 0.067164
14 118 0.031162
133 135 0.060379
8 86 0.022464
118 234 0.033690
7 94 0.038279
26 133 0.035132
86 203 0.052688
185 52 0.027596
8 203 0.022541
152 14 0.032043
14 86 0.031162
133 27 0.028888
86 133 0.052046
412 14 0.018717
80 143 0.019946
185 84 0.054182
152 69 0.036464
116 7 0.033034
69 61 0.036723
412 203 0.028982
14 160 0.029351
171 61 0.063064
52 171 0.027564
27 133 0.028853
31 234 0.024052
237 133 0.029652
52 234 0.017699
27 80 0.020183
237 412 0.019160
143 160 0.027186
7 476 0.034470
80 185 0.034224
130 254 0.037793
152 171 0.055461
86 152 0.054602
78 203 0.032393
80 61 0.034569
185 171 0.056931
254 237 0.020717
80 171 0.034731
412 185 0.029694
254 118 0.032296
152 237 0.031856
412 160 0.027327
118 130 0.061629
80 237 0.021282
254 27 0.019898
116 412 0.031277
152 7 0.032754
118 94 0.067164
482 116 0.056159
84 80 0.032929
118 26 0.037326
237 31 0.021912
27 254 0.020002
185 94 0.069627
250 262 0.089076
31 185 0.037452
262 250 0.094890
78 95 0.035320
31 26 0.026220
234 14 0.020967
78 476 0.035161
69 14 0.022464
152 130 0.061709
14 7 0.020367
80 234 0.022220
7 130 0.035907
94 61 0.081001
135 171 0.072721
171 52 0.029520
138 482 0.056887
95 31 0.041215
52 94 0.031819
84 116 0.052535
8 135 0.026250
160 95 0.053796
27 138 0.030139
27 412 0.018592
234 61 0.033961
476 86 0.060215
78 130 0.036645
171 133 0.057903
152 78 0.033420
8 237 0.014441
94 14 0.030723
86 171 0.055387
80 27 0.020438
94 203 0.066304
254 133 0.031373
78 412 0.020242
8 84 0.021665
84 482 0.053346
171 84 0.058784
95 135 0.070597
476 171 0.059533
171 412 0.034132
84 152 0.052098
95 133 0.058169
143 69 0.020592
254 80 0.021923
185 234 0.034717
27 237 0.019080
130 86 0.063787
152 86 0.054615
185 86 0.056387
143 61 0.029864
80 94 0.040102
80 26 0.024166
254 94 0.038766
14 8 0.015064
482 31 0.037657
133 94 0.062445
160 482 0.050303
95 52 0.029732
118 185 0.056067
476 237 0.034928
27 143 0.017906
143 14 0.018570
143 118 0.028835
69 152 0.035450
84 171 0.053137
171 203 0.057859
94 116 0.074041
26 78 0.023779
31 130 0.041393
138 80 0.034937
95 80 0.038416
138 69 0.037114
8 171 0.023504
476 135 0.071764
476 138 0.061042
135 116 0.069638
95 185 0.062033
185 254 0.034705
78 61 0.033645
14 171 0.032487
86 135 0.064544
133 203 0.049314
8 482 0.023253
84 135 0.061682
237 27 0.018879
80 133 0.032366
7 8 0.015343
482 8 0.022778
234 160 0.030830
27 476 0.032113
118 135 0.064544
171 95 0.065314
185 118 0.056387
138 116 0.056198
237 14 0.019658
234 118 0.032770
8 14 0.014455
61 203 0.054846
203 171 0.056312
95 84 0.058719
130 143 0.033068
26 203 0.036047
26 86 0.036304
61 69 0.038059
476 7 0.036160
412 254 0.019605
482 14 0.032806
52 203 0.026433
26 31 0.025731
78 160 0.030553
476 61 0.061984
152 160 0.050314
135 95 0.086800
133 8 0.021395
254 52 0.018009
80 86 0.033351
412 234 0.019495
143 130 0.032456
84 143 0.028421
482 86 0.055675
482 203 0.053121
160 185 0.050513
94 254 0.032218
160 84 0.047158
14 27 0.019210
95 143 0.032812
130 171 0.064028
133 476 0.055031
476 133 0.057403
26 130 0.041188
143 78 0.019203
31 94 0.043909
78 14 0.020789
86 412 0.030979
7 27 0.019594
94 7 0.031519
27 116 0.029928
171 26 0.041545
412 80 0.019772
14 130 0.035125
152 234 0.033737
160 69 0.033223
143 133 0.028048
86 118 0.054529
78 69 0.023092
152 84 0.052440
152 143 0.029557
482 412 0.031706
234 8 0.015718
130 26 0.042391
171 254 0.037097
7 254 0.021392
130 185 0.065626
135 78 0.033060
69 31 0.025156
116 130 0.062197
31 254 0.024156
130 78 0.037621
7 69 0.022666
130 234 0.037999
78 143 0.019473
135 27 0.029871
152 118 0.054615
135 118 0.068111
476 69 0.040438
138 254 0.034316
171 152 0.061116
84 78 0.032060
130 7 0.036829
143 412 0.018080
203 412 0.032280
234 94 0.039402
135 476 0.080441
143 152 0.028869
26 118 0.036304
171 143 0.032524
7 52 0.017732
237 78 0.020327
84 138 0.052950
143 26 0.021006
138 78 0.033989
52 412 0.016529
482 94 0.068577
69 133 0.034295
27 118 0.029670
14 26 0.022660
138 237 0.032371
133 52 0.025608
95 160 0.056345
61 130 0.063744
116 80 0.034644
482 143 0.030235
143 7 0.018898
84 476 0.056256
412 118 0.028959
171 135 0.075238
94 143 0.028045
8 118 0.022464
61 95 0.061834
78 482 0.033558
482 118 0.055675
61 135 0.067240
412 476 0.031340
130 84 0.061110
143 95 0.031311
482 160 0.051284
152 26 0.037380
476 130 0.065443
138 26 0.038054
412 31 0.020848
86 26 0.037326
8 138 0.022819
135 80 0.034096
171 8 0.024239
237 203 0.030471
118 138 0.055482
14 482 0.032220
8 160 0.021187
8 95 0.024385
26 185 0.037279
476 95 0.063737
69 118 0.035406
116 94 0.067990
116 482 0.056395
69 254 0.023556
135 234 0.033413
254 160 0.030407
237 8 0.014853
143 94 0.034706
482 26 0.038336
116 160 0.050798
31 476 0.039538
118 152 0.054602
7 31 0.022791
254 7 0.021100
203 94 0.069956
95 254 0.037575
203 31 0.038410
95 237 0.035361
14 143 0.018755
14 116 0.031434
7 412 0.019878
86 80 0.034296
160 52 0.024828
8 116 0.022659
7 171 0.033178
26 84 0.034966
160 171 0.050105
185 203 0.054237
234 152 0.032810
171 7 0.036184
234 69 0.023294
476 482 0.060712
412 7 0.019044
31 237 0.022991
52 138 0.026804
143 237 0.018555
203 86 0.056662
86 27 0.030414
116 152 0.055227
254 135 0.037699
69 143 0.021005
254 116 0.032579
138 143 0.030029
61 26 0.039035
203 7 0.034174
160 61 0.051067
171 31 0.040788
138 94 0.068675
412 94 0.034782
130 61 0.066322
203 185 0.058003
31 69 0.025678
69 27 0.021533
78 84 0.031303
78 185 0.033311
14 138 0.031657
78 237 0.020769
116 8 0.022533
185 138 0.057341
14 152 0.031199
138 27 0.030948
69 94 0.042589
61 133 0.054489
84 412 0.029799
118 203 0.052688
26 61 0.037666
203 138 0.057504
69 203 0.035200
254 86 0.032296
52 130 0.029692
8 7 0.014708
7 152 0.031873
116 118 0.055154
86 138 0.055482
116 203 0.053214
86 14 0.032000
52 86 0.026387
143 482 0.029827
254 152 0.032335
26 143 0.021450
138 185 0.057213
94 412 0.029386
118 14 0.032000
133 237 0.030166
412 95 0.031430
152 8 0.022378
94 31 0.036245
203 254 0.035101
116 138 0.056110
185 14 0.032949
118 7 0.032710
8 61 0.023265
237 7 0.020004
171 130 0.067725
27 8 0.014419
482 171 0.055578
152 133 0.052125
135 86 0.068111
7 133 0.030927
133 412 0.029394
476 8 0.024204
482 138 0.056549
133 171 0.051860
143 27 0.017835
95 203 0.057900
135 31 0.036878
78 133 0.031529
7 203 0.031781
7 234 0.021282
52 7 0.017287
27 130 0.033408
116 27 0.030705
203 237 0.033093
476 26 0.041494
171 185 0.062524
69 86 0.035406
80 95 0.036307
31 14 0.023032
31 133 0.035281
8 412 0.014061
234 185 0.033624
160 133 0.046923
69 52 0.019420
116 476 0.059351
234 84 0.031593
133 61 0.053071
143 84 0.027813
130 412 0.034727
27 14 0.019095
482 7 0.033542
130 237 0.035557
27 152 0.029705
94 27 0.028994
95 69 0.040906
138 130 0.062642
135 138 0.070938
52 143 0.015937
14 135 0.036375
95 171 0.060190
78 116 0.032753
84 237 0.030610
118 482 0.055795
118 84 0.052357
234 476 0.035492
254 8 0.015583
7 143 0.019128
78 31 0.023220
80 116 0.033647
152 185 0.056153
80 118 0.033351
143 52 0.016168
80 135 0.038990
138 84 0.053473
95 482 0.061504
80 84 0.032149
254 412 0.020201
254 143 0.019426
412 143 0.017565
203 476 0.059816
138 476 0.059829
237 84 0.029408
160 254 0.030869
138 171 0.056351
234 254 0.021974
254 203 0.032218
7 80 0.021591
69 135 0.041476
80 203 0.033244
61 254 0.035122
160 203 0.047639
237 116 0.030750
86 95 0.059500
31 84 0.035122
138 31 0.037378
185 152 0.056460
26 412 0.022331
133 152 0.051122
7 482 0.032910
138 203 0.053645
152 52 0.026901
254 171 0.033641
234 482 0.033868
143 8 0.014041
135 94 0.131480
476 152 0.060280
254 185 0.033132
130 52 0.029994
135 143 0.028943
152 138 0.055568
94 171 0.076401
61 31 0.038334
185 482 0.057564
160 143 0.027176
185 135 0.066513
84 234 0.032358
237 130 0.034332
203 130 0.062039
116 237 0.032118
237 143 0.018437
234 133 0.031816
135 133 0.060728
27 31 0.021294
14 254 0.020966
476 254 0.037093
94 482 0.074220
78 27 0.019950
130 118 0.063787
130 203 0.060555
26 138 0.036904
234 135 0.038292
171 80 0.038019
14 203 0.031128
52 133 0.025672
412 138 0.029413
84 133 0.049735
69 80 0.023797
31 27 0.022067
116 61 0.057293
52 80 0.017953
254 69 0.023011
133 116 0.051547
78 135 0.037930
254 14 0.020730
203 8 0.023101
476 234 0.037291
171 94 0.081644
52 118 0.026387
133 78 0.031614
160 130 0.055886
482 61 0.057602
27 69 0.021178
52 27 0.016318
135 412 0.030346
116 78 0.033708
94 84 0.064929
482 185 0.057075
52 482 0.027301
86 482 0.055795
69 237 0.022432
84 8 0.021628
31 116 0.036802
95 234 0.037703
185 237 0.032727
116 143 0.029797
160 412 0.028447
78 254 0.021787
203 160 0.052295
133 84 0.049030
412 152 0.028993
8 26 0.016345
27 94 0.035696
412 61 0.029984
52 78 0.017566
86 69 0.036412
130 135 0.082681
84 94 0.063876
237 94 0.036597
7 78 0.021120
52 84 0.025451
160 118 0.049108
52 8 0.012870
412 8 0.014189
138 152 0.055743
482 152 0.055742
138 8 0.022682
412 26 0.021150
80 482 0.034462
14 80 0.021159
78 52 0.018044
130 160 0.057928
237 61 0.031574
130 152 0.063875
133 31 0.034636
61 116 0.057653
61 234 0.035151
69 171 0.036821
80 52 0.018471
143 135 0.033640
95 138 0.061563
118 8 0.022353
86 160 0.050237
95 61 0.062486
254 234 0.021609
185 78 0.034386
52 14 0.016989
116 31 0.037054
138 118 0.055670
133 14 0.030350
482 52 0.027497
143 171 0.030093
95 476 0.063638
171 138 0.061975
118 254 0.033710
118 80 0.034296
95 130 0.065444
61 237 0.033108
52 237 0.016971
203 52 0.027962
138 412 0.031525
237 234 0.020480
482 27 0.031161
7 86 0.031834
135 185 0.072803
135 26 0.037675
52 254 0.017788
116 84 0.052966
412 130 0.032572
116 69 0.036794
237 69 0.021793
61 143 0.030709
84 254 0.032403
52 152 0.026418
80 130 0.037683
254 61 0.033463
133 7 0.031003
412 69 0.020736
138 133 0.053106
152 135 0.064639
7 118 0.031834
86 8 0.022353
476 14 0.035343
61 160 0.052622
80 31 0.023812
171 69 0.040480
152 412 0.031020
78 7 0.021163
160 237 0.029202
26 482 0.037465
31 138 0.037075
143 254 0.019450
31 8 0.017047
94 78 0.032276
476 160 0.055589
61 84 0.054927
86 116 0.055054
130 14 0.035986
160 94 0.059950
26 14 0.022955
118 160 0.050237
203 135 0.066025
31 61 0.037842
254 130 0.036445
482 80 0.035189
94 8 0.020717
61 8 0.023106
130 133 0.060118
160 78 0.030567
138 234 0.034314
234 78 0.021696
61 78 0.034814
94 160 0.057562
143 31 0.020704
482 95 0.059894
118 116 0.055054
138 7 0.033306
203 80 0.035869
14 52 0.017393
116 86 0.055154
84 130 0.059125
130 116 0.064421
84 27 0.029267
160 80 0.031375
234 95 0.035658
84 31 0.035159
31 143 0.021518
8 94 0.027149
78 234 0.021676
118 171 0.055387
52 116 0.026616
84 118 0.052028
86 254 0.033710
160 152 0.049174
171 118 0.061044
135 237 0.031099
234 7 0.021344
116 95 0.060100
26 160 0.034022
27 84 0.028617
234 130 0.037000
254 482 0.033384
8 31 0.016109
80 7 0.021689
22 21 0.056074
14 78 0.020700
143 80 0.019626
14 237 0.019994
86 84 0.052357
84 61 0.054106
234 27 0.020118
237 135 0.035540
84 52 0.025910
482 130 0.061569
69 412 0.021860
69 138 0.035987
476 84 0.058156
52 476 0.028557
135 130 0.100108
84 86 0.052028
133 160 0.047033
234 237 0.020946
61 86 0.057130
116 52 0.027110
130 8 0.024623
8 476 0.024319
95 116 0.061204
21 22 0.053316
138 160 0.051266
116 26 0.037722
237 254 0.020595
482 254 0.034466
152 482 0.055878
26 476 0.039357
80 160 0.031360
69 130 0.040118
86 61 0.056665
8 27 0.013886
130 80 0.038725
27 234 0.019897
94 130 0.116599
237 52 0.017113
84 203 0.050518
52 31 0.018937
8 80 0.015272
130 138 0.064933
160 26 0.034020
412 52 0.016315
130 94 0.090347
116 234 0.034030
