1	1413.08
2	1069.1
3	1074.43
4	1073.68
5	1488.32
6	1061.38
7	1491.45
8	1550.75
9	1515.85
10	1551.07
11	1551.72
12	623.658
13	1299.94
14	771.854
15	732.388
16	733.353
17	1551.43
18	1156.95
19	1380.5
20	1101.22
21	1551.63
22	1393.38
23	594.135
24	1327
25	1368.99
26	1473.69
27	701.956
28	1068.99
29	1508.34
30	1423.74
31	1551.7
32	869.41
33	1141.67
34	1528.07
35	1328.71
36	1370.39
37	1551.3
38	1515.2
39	1551.57
40	727.365
41	670.76
42	1395.64
43	1546.34
44	1469.04
45	1446.51
46	1151.67
47	1548.92
48	1551.18
49	1550.7
50	1549.98
51	1477.56
52	1551.69
53	1443.72
54	1551.52
55	1337.78
56	1551.66
57	1550.41
58	1551.67
59	1057.01
60	1543.9
61	1551.29
62	1551.8
63	1059.87
64	1551.44
65	1551.37
66	1551.67
67	1551.84
68	1526.2
69	1544.79
70	1551.53
71	1551.63
72	1313.61
73	1551.53
74	1181.05
75	1550.81
76	998.453
77	1550.65
78	1552.07
79	1551.44
80	1549.56
81	1537.88
82	1356.31
83	1515.67
84	1545.86
85	1550.47
86	896.223
87	704.557
88	1439.28
89	1550.04
90	1551.4
91	1170.24
92	1407.77
93	1423.93
94	1020.57
95	1130.21
96	1406.21
97	1548.07
98	1412.33
99	1137.19
100	1275.9
101	1496.47
102	1453.01
103	1484.63
104	1360.48
105	1379.9
106	1225.96
107	1378.36
108	1540.27
109	1350.16
110	1480.23
111	1551.69
112	1496.62
113	1485.75
114	1551.2
115	1456.42
116	1509.7
117	1551.81
118	1551.75
119	1549.7
120	1006.33
121	1551.69
122	1551.48
123	1537.32
124	1549.62
125	850.21
126	1451.81
127	1291.26
128	1119.24
129	1046.74
130	1234.64
131	1551.4
132	1551.82
133	1551.51
134	1551.32
135	1551.21
136	1241.38
137	1550.32
138	1550.17
139	1551.36
140	1551.67
141	1518.67
142	1551.33
143	1520.28
144	1551.58
145	1452.78
146	1416.74
147	1551.24
148	1540.75
149	1546.9
150	1349.9
151	1550.4
152	1551.42
153	1540.38
154	1316.58
155	1113.68
156	1297.81
157	1318.84
158	956.282
159	1541.09
160	1201.52
161	723.607
162	1424.95
163	1551.44
164	1551.51
165	1549.18
166	1058.57
167	1481.34
168	976.295
169	1540.57
170	1331.34
171	1379.85
172	1355.72
173	1311.58
174	663.476
175	1548.52
176	1053.4
177	1116.8
178	1472.39
179	1167.58
180	1287.86
181	1549.38
182	1536.34
183	1380.42
184	1545.67
185	1040.65
186	1337.8
187	1101.33
188	1551.69
189	1538.35
190	1356.19
191	1390.79
192	1541.68
193	1551.56
194	1014.73
195	1152.3
196	1504.65
197	1322.78
198	1551.62
199	1310.34
200	1550
201	1542.26
202	1551.56
203	1476.78
204	1551.61
205	1244.51
206	862.629
207	884.767
208	1461.41
209	1551.67
210	1551.48
211	1551.61
212	1548.21
213	978.42
214	1511.4
215	1551.61
216	1551.69
217	1551.24
218	1090.51
219	1375.81
220	1457.29
221	1480.34
222	1543.69
223	1546
224	1544.64
225	836.958
226	1063.52
227	1551.55
228	1551.67
229	1541.71
230	1551.58
231	698.045
232	1551.52
233	1505.93
234	1268.49
235	1551.6
236	918.585
237	922.678
238	1000.65
239	1551.68
240	1551.6
241	1542.33
242	1538.31
243	1551.32
244	1504.96
245	1391.65
246	1454.46
247	1538.5
248	1344.41
249	1551.72
250	1551.63
251	1444.77
252	1296.31
253	1551.69
254	1550.3
255	1447.06
256	1447.59
257	1539.53
258	1279.31
259	1186.77
260	1341.29
261	903.649
262	1179.28
263	1515.47
264	1218.46
265	1537.19
266	1031.58
267	1377.63
268	1121.07
269	1402.4
270	1443.87
271	1551.55
272	1550.39
273	1079.63
274	1537.79
275	1551.74
276	1533.71
277	1211.48
278	672.551
279	1146.26
280	1445.25
281	1551.45
282	1488.07
283	1268.25
284	1542.77
285	1551.22
286	1256.28
287	1538.98
288	1551.73
289	1366.27
290	1257.19
291	1551.65
292	1314.12
293	1551.36
294	1550.05
295	833.999
296	1531.76
297	1546.68
298	1538.61
299	866.604
300	1355.71
301	911.726
302	1050.43
303	924.023
304	1157.1
305	1534.07
306	1551.56
307	1551.67
308	1405.36
309	1334.44
310	1231.21
311	1551.38
312	1053.9
313	1551.7
314	1505.89
315	1551.54
316	1551.45
317	1551.51
318	1548.79
319	1536.13
320	1504.44
321	1373.83
322	628.014
323	1550.68
324	1551.7
325	1551.9
326	1230.91
327	1551.69
328	1551.21
329	1551.72
330	1410.76
331	1350.15
332	1551.94
333	1160.89
334	846.288
335	831.516
336	1042.39
337	1551.56
338	938.439
339	1551.32
340	1481.62
341	1551.73
342	1523.98
343	1551.51
344	1353.56
345	1551.47
346	1551.63
347	1372.88
348	1551.47
349	1551.81
350	1533.09
351	1384.94
352	1451.71
353	1551.85
354	1551.86
355	1266.59
356	1503.39
357	1475.41
358	1524.46
359	1487.05
360	1346.94
361	1323.7
362	1521.94
363	1085.51
364	1550.6
365	1059.05
366	1262.84
367	1409.38
368	1483.07
369	1549.24
370	1468.88
371	673.143
372	1331.66
373	1551.68
374	1551.66
375	1533.73
376	1551.79
377	1535.57
378	1540.54
379	1440.09
380	1252.64
381	1481.87
382	1551.76
383	1551.42
384	1542.36
385	1091.11
386	885.102
387	886.946
388	1551.74
389	1031.5
390	1407.95
391	1434.54
392	1545.21
393	1080.3
394	1528.56
395	825.149
396	1551.41
397	1551.65
398	1505.15
399	1545
400	1548.97
401	1551.49
402	1080.13
403	1551.5
404	810.158
405	1389.34
406	1056.65
407	863.444
408	1458.07
409	1551.47
410	1551.88
411	1010.51
412	1233.09
413	1542.55
414	1480.78
415	715.603
416	1550.09
417	1551.41
418	1542.89
419	1551.68
420	1444.68
421	1551.06
422	1429.56
423	1551.76
424	1404.71
425	1167.58
426	1475.79
427	1323.1
428	1371.84
429	1475.13
430	1241.5
431	1542.12
432	1259.63
433	1336.11
434	1520.09
435	1033.93
436	1403.06
437	1447.91
438	1320.41
439	1433.65
440	992.05
